center_x = -0.10645416666666672
center_y = -0.022058333333333235
center_z = 0.013741666666666671

size_x = 17.5385
size_y = 16.3041
size_z = 11.839
